COM1 port is open.
0_?r???    ?i??   0000|  H?r???    0.0|    27.3|     0.0|    1000|00009010|     0.0|    30.0|  
  0000|     0.0|     0.0|    27.3|     0.0|     
  0|00002000|
 
0
7/02/2015 10:27:24|       10|       0|On      |None    |Off     |Off     |No      |     0.0|    30.0|    0000|     0.0|     0.0|    2
6.5|     0.0|      67|00002000|     0.0|     0.3|    0000|     0.0|     0.0|    26.5|     0.0|    1000|00009010|     0.0
|    30.0|    0000|     0.0|     0.0|    26.5|     0.0|       0|00002000|
 
0
7/02/2015 10:27:29|       10|       0|On      |None    |Off     |Off     |No      |    25.0|    30.0|    0000|     0.0|     0.0|
    46.8|     0.0|    1000|0200808c|    25.0|     1.5|    0000|     0.0|     0.0|    46.8|
     0.0|    1000|02009010|    25.0|    30.0|    0000|     0.0|     0.0|    46.8|     0.0|       0|0200808c|
 
0
7/02/2015 10:27:34|       10|       0|On
      |None    |Off     |Off  
   |No      |    25.0|    30.0|    0000|     0.0|     0.0|    55.0|     0.0|    1000|020080
88|    25.0|     0.3|    0000|
     0.0|     0.0|    55.0|     0.0|    1000|02009000|    25
.0|    30.0|    0000|     0.0|
     0.0|    55.0|     0.0|       0|02008088|
 
0
7/02/2015 10:27:39|       10|    
   0|On      |None    |Off     |Off     |No      |    25.0| 
   30.0|    0000|     0.0|     
0.0|    55.0|     0.0|      68
|02000080|    25.0|     1.1|    0000|     0.0|     0.0|    5
5.0|     0.0|    1000|02009000
|    25.0|    30.0|    0000|  
   0.0|     0.0|    55.0|     
0.0|       0|02000080|
 
0
7/02/2015 10:27:44|       10|   
    0|On      |None    |Off   
  |Off     |No      |    25.0| 
   30.0|    0000|     0.0|    
 0.0|    46.2|     0.0|      6
8|02000080|    25.0|     0.2| 
   0000|     0.0|     0.0|    46.2|     0.0|    1000|0200900
0|    25.0|    30.0|    0000|     0.0|     0.0|    46.2|     
0.0|       0|02000080|
 
0
7/02/2015 10:27:49|       10|       0
|On      |None    |Off     |Of
f     |No      |    25.0|    3
0.0|    0000|     0.0|     0.0
|    45.3|     0.0|      67|02
000000|    25.0|     0.3|    0000|     0.0|     0.0|    45.3|
     0.0|    1000|02009000|   
 25.0|    30.0|    0000|     0
.0|     0.0|    45.3|     0.0|
       0|02000000|
 
0
7/02/2015 10:27:54|       10|       0
|On      |None    |Off     |Off     |No      |    50.0|    3
0.0|    0000|     0.0|     0.0|    40.9|     0.0|      67|020
02080|    50.0|     0.4|    00
00|     0.0|     0.0|    40.9|
     0.0|    1000|02009000|   
 50.0|    30.0|    0000|     0.0|     0.0|    40.9|     0.0| 
      0|02002080|
 
V/I operacija je bila prekinjena, ker je to zahteval program ali ker je bila dokončana nit.

COM1 port is closed.
